(kicad_pcb (version 4) (host pcbnew 4.0.6)

  (general
    (links 164)
    (no_connects 0)
    (area 71.949999 63.949999 162.550001 120.050001)
    (thickness 1.6)
    (drawings 19)
    (tracks 908)
    (zones 0)
    (modules 78)
    (nets 68)
  )

  (page A4)
  (layers
    (0 F.Cu signal)
    (31 B.Cu signal)
    (32 B.Adhes user)
    (33 F.Adhes user)
    (34 B.Paste user hide)
    (35 F.Paste user)
    (36 B.SilkS user)
    (37 F.SilkS user hide)
    (38 B.Mask user)
    (39 F.Mask user)
    (40 Dwgs.User user hide)
    (41 Cmts.User user)
    (42 Eco1.User user)
    (43 Eco2.User user)
    (44 Edge.Cuts user)
    (45 Margin user)
    (46 B.CrtYd user)
    (47 F.CrtYd user)
    (48 B.Fab user hide)
    (49 F.Fab user hide)
  )

  (setup
    (last_trace_width 0.25)
    (trace_clearance 0.2)
    (zone_clearance 0.508)
    (zone_45_only no)
    (trace_min 0.2)
    (segment_width 0.2)
    (edge_width 0.1)
    (via_size 0.6)
    (via_drill 0.4)
    (via_min_size 0.4)
    (via_min_drill 0.3)
    (uvia_size 0.3)
    (uvia_drill 0.1)
    (uvias_allowed no)
    (uvia_min_size 0.2)
    (uvia_min_drill 0.1)
    (pcb_text_width 0.3)
    (pcb_text_size 1.5 1.5)
    (mod_edge_width 0.15)
    (mod_text_size 1 1)
    (mod_text_width 0.15)
    (pad_size 0.6 0.6)
    (pad_drill 0.3)
    (pad_to_mask_clearance 0)
    (aux_axis_origin 0 0)
    (visible_elements FFFEFF7F)
    (pcbplotparams
      (layerselection 0x00030_80000001)
      (usegerberextensions false)
      (excludeedgelayer true)
      (linewidth 0.100000)
      (plotframeref false)
      (viasonmask false)
      (mode 1)
      (useauxorigin false)
      (hpglpennumber 1)
      (hpglpenspeed 20)
      (hpglpendiameter 15)
      (hpglpenoverlay 2)
      (psnegative false)
      (psa4output false)
      (plotreference true)
      (plotvalue true)
      (plotinvisibletext false)
      (padsonsilk false)
      (subtractmaskfromsilk false)
      (outputformat 1)
      (mirror false)
      (drillshape 1)
      (scaleselection 1)
      (outputdirectory ""))
  )

  (net 0 "")
  (net 1 "Net-(C1-Pad1)")
  (net 2 GND)
  (net 3 "Net-(C2-Pad1)")
  (net 4 +3V3)
  (net 5 "Net-(C10-Pad1)")
  (net 6 "Net-(C11-Pad1)")
  (net 7 +24V)
  (net 8 "Net-(D1-Pad1)")
  (net 9 "Net-(D1-Pad3)")
  (net 10 "Net-(D2-Pad1)")
  (net 11 "Net-(D2-Pad2)")
  (net 12 "Net-(J1-Pad1)")
  (net 13 "Net-(J1-Pad2)")
  (net 14 "Net-(J1-Pad3)")
  (net 15 "Net-(J1-Pad4)")
  (net 16 "Net-(J1-Pad5)")
  (net 17 "Net-(J1-Pad6)")
  (net 18 "Net-(J1-Pad7)")
  (net 19 "Net-(J1-Pad8)")
  (net 20 /ETH1_TX+)
  (net 21 /ETH1_TX-)
  (net 22 /ETH1_RX+)
  (net 23 /ETH1_RX-)
  (net 24 "Net-(J2-Pad9)")
  (net 25 /ETH1_LED)
  (net 26 /ETH0_TX+)
  (net 27 /ETH0_TX-)
  (net 28 /ETH0_RX+)
  (net 29 /ETH0_RX-)
  (net 30 /ETH_PWR+)
  (net 31 /ETH_PWR-)
  (net 32 "Net-(J8-Pad9)")
  (net 33 /ETH0_LED)
  (net 34 "Net-(J8-Pad11)")
  (net 35 /WLAN_LED)
  (net 36 /Omega_RX)
  (net 37 /Omega_TX)
  (net 38 "Net-(R1-Pad1)")
  (net 39 "Net-(R2-Pad1)")
  (net 40 "Net-(R7-Pad2)")
  (net 41 /USB+)
  (net 42 /USB-)
  (net 43 "Net-(C8-Pad1)")
  (net 44 "Net-(C16-Pad1)")
  (net 45 /PPoE+)
  (net 46 /USBPWR)
  (net 47 +5V)
  (net 48 /LNA_EN_A)
  (net 49 "Net-(J3-Pad12)")
  (net 50 "Net-(J3-Pad7)")
  (net 51 "Net-(J3-Pad8)")
  (net 52 "Net-(J3-Pad9)")
  (net 53 "Net-(J3-Pad10)")
  (net 54 "Net-(J3-Pad11)")
  (net 55 "Net-(J3-Pad13)")
  (net 56 /SPI_CS1_RAK)
  (net 57 /SPI_MOSI)
  (net 58 /SPI_MISO)
  (net 59 /SPI_CLK)
  (net 60 /RAK_RESET)
  (net 61 /RADIO_EN_A)
  (net 62 /PA_G8)
  (net 63 /RADIO_EN_B)
  (net 64 /PA_G16)
  (net 65 /PA_EN_A)
  (net 66 /RADIO_RST)
  (net 67 /5VPWR)

  (net_class Default "This is the default net class."
    (clearance 0.2)
    (trace_width 0.25)
    (via_dia 0.6)
    (via_drill 0.4)
    (uvia_dia 0.3)
    (uvia_drill 0.1)
    (add_net /5VPWR)
    (add_net /ETH0_LED)
    (add_net /ETH0_RX+)
    (add_net /ETH0_RX-)
    (add_net /ETH0_TX+)
    (add_net /ETH0_TX-)
    (add_net /ETH1_LED)
    (add_net /ETH1_RX+)
    (add_net /ETH1_RX-)
    (add_net /ETH1_TX+)
    (add_net /ETH1_TX-)
    (add_net /LNA_EN_A)
    (add_net /Omega_RX)
    (add_net /Omega_TX)
    (add_net /PA_EN_A)
    (add_net /PA_G16)
    (add_net /PA_G8)
    (add_net /RADIO_EN_A)
    (add_net /RADIO_EN_B)
    (add_net /RADIO_RST)
    (add_net /RAK_RESET)
    (add_net /SPI_CLK)
    (add_net /SPI_CS1_RAK)
    (add_net /SPI_MISO)
    (add_net /SPI_MOSI)
    (add_net /USB+)
    (add_net /USB-)
    (add_net /WLAN_LED)
    (add_net "Net-(C1-Pad1)")
    (add_net "Net-(C10-Pad1)")
    (add_net "Net-(C11-Pad1)")
    (add_net "Net-(C16-Pad1)")
    (add_net "Net-(C2-Pad1)")
    (add_net "Net-(C8-Pad1)")
    (add_net "Net-(D1-Pad1)")
    (add_net "Net-(D1-Pad3)")
    (add_net "Net-(D2-Pad1)")
    (add_net "Net-(D2-Pad2)")
    (add_net "Net-(J1-Pad1)")
    (add_net "Net-(J1-Pad2)")
    (add_net "Net-(J1-Pad3)")
    (add_net "Net-(J1-Pad4)")
    (add_net "Net-(J1-Pad5)")
    (add_net "Net-(J1-Pad6)")
    (add_net "Net-(J1-Pad7)")
    (add_net "Net-(J1-Pad8)")
    (add_net "Net-(J2-Pad9)")
    (add_net "Net-(J3-Pad10)")
    (add_net "Net-(J3-Pad11)")
    (add_net "Net-(J3-Pad12)")
    (add_net "Net-(J3-Pad13)")
    (add_net "Net-(J3-Pad7)")
    (add_net "Net-(J3-Pad8)")
    (add_net "Net-(J3-Pad9)")
    (add_net "Net-(J8-Pad11)")
    (add_net "Net-(J8-Pad9)")
    (add_net "Net-(R1-Pad1)")
    (add_net "Net-(R2-Pad1)")
    (add_net "Net-(R7-Pad2)")
  )

  (net_class Power ""
    (clearance 0.2)
    (trace_width 1)
    (via_dia 1)
    (via_drill 0.6)
    (uvia_dia 0.3)
    (uvia_drill 0.1)
    (add_net +24V)
    (add_net +3V3)
    (add_net +5V)
    (add_net /ETH_PWR+)
    (add_net /ETH_PWR-)
    (add_net /PPoE+)
    (add_net GND)
  )

  (net_class PowerSmall ""
    (clearance 0.1)
    (trace_width 0.4)
    (via_dia 0.6)
    (via_drill 0.4)
    (uvia_dia 0.3)
    (uvia_drill 0.1)
    (add_net /USBPWR)
  )

  (module plan44:Stitching-VIA-0.6mm (layer F.Cu) (tedit 59FE347C) (tstamp 59FE36F7)
    (at 124.08 65.5828)
    (fp_text reference VIA (at 0 1.905) (layer F.SilkS) hide
      (effects (font (size 1 1) (thickness 0.15)))
    )
    (fp_text value Stitching-VIA-0.6mm (at 0 -1.905) (layer F.Fab) hide
      (effects (font (size 1 1) (thickness 0.15)))
    )
    (pad 1 thru_hole circle (at 0 0) (size 0.6 0.6) (drill 0.3) (layers *.Cu)
      (net 2 GND) (zone_connect 2))
  )

  (module plan44:Stitching-VIA-0.6mm (layer F.Cu) (tedit 59FE347C) (tstamp 59FE36F3)
    (at 126.08 65.5828)
    (fp_text reference VIA (at 0 1.905) (layer F.SilkS) hide
      (effects (font (size 1 1) (thickness 0.15)))
    )
    (fp_text value Stitching-VIA-0.6mm (at 0 -1.905) (layer F.Fab) hide
      (effects (font (size 1 1) (thickness 0.15)))
    )
    (pad 1 thru_hole circle (at 0 0) (size 0.6 0.6) (drill 0.3) (layers *.Cu)
      (net 2 GND) (zone_connect 2))
  )

  (module plan44:Stitching-VIA-0.6mm (layer F.Cu) (tedit 59FE347C) (tstamp 59FE36EF)
    (at 128.08 65.5828)
    (fp_text reference VIA (at 0 1.905) (layer F.SilkS) hide
      (effects (font (size 1 1) (thickness 0.15)))
    )
    (fp_text value Stitching-VIA-0.6mm (at 0 -1.905) (layer F.Fab) hide
      (effects (font (size 1 1) (thickness 0.15)))
    )
    (pad 1 thru_hole circle (at 0 0) (size 0.6 0.6) (drill 0.3) (layers *.Cu)
      (net 2 GND) (zone_connect 2))
  )

  (module plan44:Stitching-VIA-0.6mm (layer F.Cu) (tedit 59FE347C) (tstamp 59FE36EB)
    (at 130.08 65.5828)
    (fp_text reference VIA (at 0 1.905) (layer F.SilkS) hide
      (effects (font (size 1 1) (thickness 0.15)))
    )
    (fp_text value Stitching-VIA-0.6mm (at 0 -1.905) (layer F.Fab) hide
      (effects (font (size 1 1) (thickness 0.15)))
    )
    (pad 1 thru_hole circle (at 0 0) (size 0.6 0.6) (drill 0.3) (layers *.Cu)
      (net 2 GND) (zone_connect 2))
  )

  (module plan44:Stitching-VIA-0.6mm (layer F.Cu) (tedit 59FE347C) (tstamp 59FE36D6)
    (at 132.08 65.5828)
    (fp_text reference VIA (at 0 1.905) (layer F.SilkS) hide
      (effects (font (size 1 1) (thickness 0.15)))
    )
    (fp_text value Stitching-VIA-0.6mm (at 0 -1.905) (layer F.Fab) hide
      (effects (font (size 1 1) (thickness 0.15)))
    )
    (pad 1 thru_hole circle (at 0 0) (size 0.6 0.6) (drill 0.3) (layers *.Cu)
      (net 2 GND) (zone_connect 2))
  )

  (module plan44:Stitching-VIA-0.6mm (layer F.Cu) (tedit 59FE347C) (tstamp 59FE36D1)
    (at 154.3304 66.8528)
    (fp_text reference VIA (at 0 1.905) (layer F.SilkS) hide
      (effects (font (size 1 1) (thickness 0.15)))
    )
    (fp_text value Stitching-VIA-0.6mm (at 0 -1.905) (layer F.Fab) hide
      (effects (font (size 1 1) (thickness 0.15)))
    )
    (pad 1 thru_hole circle (at 0 0) (size 0.6 0.6) (drill 0.3) (layers *.Cu)
      (net 2 GND) (zone_connect 2))
  )

  (module plan44:Stitching-VIA-0.6mm (layer F.Cu) (tedit 59FE347C) (tstamp 59FE36CC)
    (at 159.5628 66.8528)
    (fp_text reference VIA (at 0 1.905) (layer F.SilkS) hide
      (effects (font (size 1 1) (thickness 0.15)))
    )
    (fp_text value Stitching-VIA-0.6mm (at 0 -1.905) (layer F.Fab) hide
      (effects (font (size 1 1) (thickness 0.15)))
    )
    (pad 1 thru_hole circle (at 0 0) (size 0.6 0.6) (drill 0.3) (layers *.Cu)
      (net 2 GND) (zone_connect 2))
  )

  (module plan44:Stitching-VIA-0.6mm (layer F.Cu) (tedit 59FE347C) (tstamp 59FE36C7)
    (at 159.3088 79.5528)
    (fp_text reference VIA (at 0 1.905) (layer F.SilkS) hide
      (effects (font (size 1 1) (thickness 0.15)))
    )
    (fp_text value Stitching-VIA-0.6mm (at 0 -1.905) (layer F.Fab) hide
      (effects (font (size 1 1) (thickness 0.15)))
    )
    (pad 1 thru_hole circle (at 0 0) (size 0.6 0.6) (drill 0.3) (layers *.Cu)
      (net 2 GND) (zone_connect 2))
  )

  (module plan44:Stitching-VIA-0.6mm (layer F.Cu) (tedit 59FE347C) (tstamp 59FE36C2)
    (at 160.9852 98.7044)
    (fp_text reference VIA (at 0 1.905) (layer F.SilkS) hide
      (effects (font (size 1 1) (thickness 0.15)))
    )
    (fp_text value Stitching-VIA-0.6mm (at 0 -1.905) (layer F.Fab) hide
      (effects (font (size 1 1) (thickness 0.15)))
    )
    (pad 1 thru_hole circle (at 0 0) (size 0.6 0.6) (drill 0.3) (layers *.Cu)
      (net 2 GND) (zone_connect 2))
  )

  (module plan44:Stitching-VIA-0.6mm (layer F.Cu) (tedit 59FE347C) (tstamp 59FE36BC)
    (at 158.0388 105.3592)
    (fp_text reference VIA (at 0 1.905) (layer F.SilkS) hide
      (effects (font (size 1 1) (thickness 0.15)))
    )
    (fp_text value Stitching-VIA-0.6mm (at 0 -1.905) (layer F.Fab) hide
      (effects (font (size 1 1) (thickness 0.15)))
    )
    (pad 1 thru_hole circle (at 0 0) (size 0.6 0.6) (drill 0.3) (layers *.Cu)
      (net 2 GND) (zone_connect 2))
  )

  (module plan44:Stitching-VIA-0.6mm (layer F.Cu) (tedit 59FE347C) (tstamp 59FE36B2)
    (at 161.1376 118.5672)
    (fp_text reference VIA (at 0 1.905) (layer F.SilkS) hide
      (effects (font (size 1 1) (thickness 0.15)))
    )
    (fp_text value Stitching-VIA-0.6mm (at 0 -1.905) (layer F.Fab) hide
      (effects (font (size 1 1) (thickness 0.15)))
    )
    (pad 1 thru_hole circle (at 0 0) (size 0.6 0.6) (drill 0.3) (layers *.Cu)
      (net 2 GND) (zone_connect 2))
  )

  (module plan44:Stitching-VIA-0.6mm (layer F.Cu) (tedit 59FE347C) (tstamp 59FE36AD)
    (at 81.4832 115.5192)
    (fp_text reference VIA (at 0 1.905) (layer F.SilkS) hide
      (effects (font (size 1 1) (thickness 0.15)))
    )
    (fp_text value Stitching-VIA-0.6mm (at 0 -1.905) (layer F.Fab) hide
      (effects (font (size 1 1) (thickness 0.15)))
    )
    (pad 1 thru_hole circle (at 0 0) (size 0.6 0.6) (drill 0.3) (layers *.Cu)
      (net 2 GND) (zone_connect 2))
  )

  (module plan44:Stitching-VIA-0.6mm (layer F.Cu) (tedit 59FE347C) (tstamp 59FE36A8)
    (at 75.2856 115.57)
    (fp_text reference VIA (at 0 1.905) (layer F.SilkS) hide
      (effects (font (size 1 1) (thickness 0.15)))
    )
    (fp_text value Stitching-VIA-0.6mm (at 0 -1.905) (layer F.Fab) hide
      (effects (font (size 1 1) (thickness 0.15)))
    )
    (pad 1 thru_hole circle (at 0 0) (size 0.6 0.6) (drill 0.3) (layers *.Cu)
      (net 2 GND) (zone_connect 2))
  )

  (module plan44:Stitching-VIA-0.6mm (layer F.Cu) (tedit 59FE347C) (tstamp 59FE36A3)
    (at 74.9808 86.868)
    (fp_text reference VIA (at 0 1.905) (layer F.SilkS) hide
      (effects (font (size 1 1) (thickness 0.15)))
    )
    (fp_text value Stitching-VIA-0.6mm (at 0 -1.905) (layer F.Fab) hide
      (effects (font (size 1 1) (thickness 0.15)))
    )
    (pad 1 thru_hole circle (at 0 0) (size 0.6 0.6) (drill 0.3) (layers *.Cu)
      (net 2 GND) (zone_connect 2))
  )

  (module plan44:Stitching-VIA-0.6mm (layer F.Cu) (tedit 59FE347C) (tstamp 59FE3699)
    (at 75.3872 69.7484)
    (fp_text reference VIA (at 0 1.905) (layer F.SilkS) hide
      (effects (font (size 1 1) (thickness 0.15)))
    )
    (fp_text value Stitching-VIA-0.6mm (at 0 -1.905) (layer F.Fab) hide
      (effects (font (size 1 1) (thickness 0.15)))
    )
    (pad 1 thru_hole circle (at 0 0) (size 0.6 0.6) (drill 0.3) (layers *.Cu)
      (net 2 GND) (zone_connect 2))
  )

  (module RAK831 (layer B.Cu) (tedit 59FE2255) (tstamp 59FDC4A2)
    (at 147.32 112.268 180)
    (descr "Through hole straight pin header, 2x12, 2.54mm pitch, double rows")
    (tags "Through hole pin header THT 2x12 2.54mm double row")
    (path /59FD051D)
    (fp_text reference J3 (at -1.55 4.07 360) (layer B.SilkS)
      (effects (font (size 1 1) (thickness 0.15)) (justify mirror))
    )
    (fp_text value RAK831 (at -1.55 36.67 180) (layer B.Fab)
      (effects (font (size 1 1) (thickness 0.15)) (justify mirror))
    )
    (fp_line (start 75.305 24.19) (end 76.575 24.19) (layer B.SilkS) (width 0.15))
    (fp_line (start 76.575 24.19) (end 76.575 22.92) (layer B.SilkS) (width 0.15))
    (fp_line (start 76.575 22.92) (end 84.195 22.92) (layer B.SilkS) (width 0.15))
    (fp_line (start 84.195 22.92) (end 84.195 19.11) (layer B.SilkS) (width 0.15))
    (fp_line (start 84.195 19.11) (end 76.575 19.11) (layer B.SilkS) (width 0.15))
    (fp_line (start 76.575 19.11) (end 76.575 17.84) (layer B.SilkS) (width 0.15))
    (fp_line (start 76.575 17.84) (end 75.305 17.84) (layer B.SilkS) (width 0.15))
    (fp_line (start -4.705 45.78) (end 75.305 45.78) (layer B.SilkS) (width 0.15))
    (fp_line (start 75.305 45.78) (end 75.305 -4.385) (layer B.SilkS) (width 0.15))
    (fp_line (start 75.305 -4.385) (end -4.705 -4.385) (layer B.SilkS) (width 0.15))
    (fp_line (start -4.705 -4.385) (end -4.705 45.78) (layer B.SilkS) (width 0.15))
    (fp_line (start -0.28 5.13) (end -4.09 5.13) (layer B.Fab) (width 0.1))
    (fp_line (start -4.09 5.13) (end -4.09 35.61) (layer B.Fab) (width 0.1))
    (fp_line (start -4.09 35.61) (end 0.99 35.61) (layer B.Fab) (width 0.1))
    (fp_line (start 0.99 35.61) (end 0.99 6.4) (layer B.Fab) (width 0.1))
    (fp_line (start 0.99 6.4) (end -0.28 5.13) (layer B.Fab) (width 0.1))
    (fp_line (start 1.05 35.67) (end -4.15 35.67) (layer B.SilkS) (width 0.12))
    (fp_line (start 1.05 7.67) (end 1.05 35.67) (layer B.SilkS) (width 0.12))
    (fp_line (start -4.15 5.07) (end -4.15 35.67) (layer B.SilkS) (width 0.12))
    (fp_line (start 1.05 7.67) (end -1.55 7.67) (layer B.SilkS) (width 0.12))
    (fp_line (start -1.55 7.67) (end -1.55 5.07) (layer B.SilkS) (width 0.12))
    (fp_line (start -1.55 5.07) (end -4.15 5.07) (layer B.SilkS) (width 0.12))
    (fp_line (start 1.05 6.4) (end 1.05 5.07) (layer B.SilkS) (width 0.12))
    (fp_line (start 1.05 5.07) (end -0.28 5.07) (layer B.SilkS) (width 0.12))
    (fp_line (start 1.52 4.6) (end 1.52 36.15) (layer B.CrtYd) (width 0.05))
    (fp_line (start 1.52 36.15) (end -4.63 36.15) (layer B.CrtYd) (width 0.05))
    (fp_line (start -4.63 36.15) (end -4.63 4.6) (layer B.CrtYd) (width 0.05))
    (fp_line (start -4.63 4.6) (end 1.52 4.6) (layer B.CrtYd) (width 0.05))
    (pad 1 thru_hole rect (at -0.28 6.4) (size 1.7 1.7) (drill 1) (layers *.Cu *.Mask)
      (net 47 +5V))
    (pad 2 thru_hole oval (at -2.82 6.4) (size 1.7 1.7) (drill 1) (layers *.Cu *.Mask)
      (net 47 +5V))
    (pad 3 thru_hole oval (at -0.28 8.94) (size 1.7 1.7) (drill 1) (layers *.Cu *.Mask)
      (net 2 GND))
    (pad 4 thru_hole oval (at -2.82 8.94) (size 1.7 1.7) (drill 1) (layers *.Cu *.Mask)
      (net 48 /LNA_EN_A))
    (pad 5 thru_hole oval (at -0.28 11.48) (size 1.7 1.7) (drill 1) (layers *.Cu *.Mask)
      (net 2 GND))
    (pad 6 thru_hole oval (at -2.82 11.48) (size 1.7 1.7) (drill 1) (layers *.Cu *.Mask)
      (net 49 "Net-(J3-Pad12)"))
    (pad 7 thru_hole oval (at -0.28 14.02) (size 1.7 1.7) (drill 1) (layers *.Cu *.Mask)
      (net 50 "Net-(J3-Pad7)"))
    (pad 8 thru_hole oval (at -2.82 14.02) (size 1.7 1.7) (drill 1) (layers *.Cu *.Mask)
      (net 51 "Net-(J3-Pad8)"))
    (pad 9 thru_hole oval (at -0.28 16.56) (size 1.7 1.7) (drill 1) (layers *.Cu *.Mask)
      (net 52 "Net-(J3-Pad9)"))
    (pad 10 thru_hole oval (at -2.82 16.56) (size 1.7 1.7) (drill 1) (layers *.Cu *.Mask)
      (net 53 "Net-(J3-Pad10)"))
    (pad 11 thru_hole oval (at -0.28 19.1) (size 1.7 1.7) (drill 1) (layers *.Cu *.Mask)
      (net 54 "Net-(J3-Pad11)"))
    (pad 12 thru_hole oval (at -2.82 19.1) (size 1.7 1.7) (drill 1) (layers *.Cu *.Mask)
      (net 49 "Net-(J3-Pad12)"))
    (pad 13 thru_hole oval (at -0.28 21.64) (size 1.7 1.7) (drill 1) (layers *.Cu *.Mask)
      (net 55 "Net-(J3-Pad13)"))
    (pad 14 thru_hole oval (at -2.82 21.64) (size 1.7 1.7) (drill 1) (layers *.Cu *.Mask)
      (net 49 "Net-(J3-Pad12)"))
    (pad 15 thru_hole oval (at -0.28 24.18) (size 1.7 1.7) (drill 1) (layers *.Cu *.Mask)
      (net 56 /SPI_CS1_RAK))
    (pad 16 thru_hole oval (at -2.82 24.18) (size 1.7 1.7) (drill 1) (layers *.Cu *.Mask)
      (net 57 /SPI_MOSI))
    (pad 17 thru_hole oval (at -0.28 26.72) (size 1.7 1.7) (drill 1) (layers *.Cu *.Mask)
      (net 58 /SPI_MISO))
    (pad 18 thru_hole oval (at -2.82 26.72) (size 1.7 1.7) (drill 1) (layers *.Cu *.Mask)
      (net 59 /SPI_CLK))
    (pad 19 thru_hole oval (at -0.28 29.26) (size 1.7 1.7) (drill 1) (layers *.Cu *.Mask)
      (net 60 /RAK_RESET))
    (pad 20 thru_hole oval (at -2.82 29.26) (size 1.7 1.7) (drill 1) (layers *.Cu *.Mask))
    (pad 21 thru_hole oval (at -0.28 31.8) (size 1.7 1.7) (drill 1) (layers *.Cu *.Mask))
    (pad 22 thru_hole oval (at -2.82 31.8) (size 1.7 1.7) (drill 1) (layers *.Cu *.Mask))
    (pad 23 thru_hole oval (at -0.28 34.34) (size 1.7 1.7) (drill 1) (layers *.Cu *.Mask))
    (pad 24 thru_hole oval (at -2.82 34.34) (size 1.7 1.7) (drill 1) (layers *.Cu *.Mask))
    (pad "" thru_hole circle (at -0.03 0.42 180) (size 5.6 5.6) (drill 3.2) (layers *.Cu *.Mask))
    (pad "" thru_hole circle (at -0.04 41.13 180) (size 5.6 5.6) (drill 3.2) (layers *.Cu *.Mask))
    (model ${KISYS3DMOD}/Pin_Headers.3dshapes/Pin_Header_Straight_2x12_Pitch2.54mm.wrl
      (at (xyz 0 0 0))
      (scale (xyz 1 1 1))
      (rotate (xyz 0 0 0))
    )
  )

  (module Capacitors_SMD:C_1206_HandSoldering (layer F.Cu) (tedit 59FCD2FF) (tstamp 5919EDE9)
    (at 98.806 86.36 90)
    (descr "Capacitor SMD 1206, hand soldering")
    (tags "capacitor 1206")
    (path /59167297)
    (attr smd)
    (fp_text reference C1 (at 3.302 -2.286 180) (layer F.SilkS)
      (effects (font (size 1 1) (thickness 0.15)))
    )
    (fp_text value 100nF (at 0 2 90) (layer F.Fab)
      (effects (font (size 1 1) (thickness 0.15)))
    )
    (fp_text user %R (at 0 -1.75 90) (layer F.Fab)
      (effects (font (size 1 1) (thickness 0.15)))
    )
    (fp_line (start -1.6 0.8) (end -1.6 -0.8) (layer F.Fab) (width 0.1))
    (fp_line (start 1.6 0.8) (end -1.6 0.8) (layer F.Fab) (width 0.1))
    (fp_line (start 1.6 -0.8) (end 1.6 0.8) (layer F.Fab) (width 0.1))
    (fp_line (start -1.6 -0.8) (end 1.6 -0.8) (layer F.Fab) (width 0.1))
    (fp_line (start 1 -1.02) (end -1 -1.02) (layer F.SilkS) (width 0.12))
    (fp_line (start -1 1.02) (end 1 1.02) (layer F.SilkS) (width 0.12))
    (fp_line (start -3.25 -1.05) (end 3.25 -1.05) (layer F.CrtYd) (width 0.05))
    (fp_line (start -3.25 -1.05) (end -3.25 1.05) (layer F.CrtYd) (width 0.05))
    (fp_line (start 3.25 1.05) (end 3.25 -1.05) (layer F.CrtYd) (width 0.05))
    (fp_line (start 3.25 1.05) (end -3.25 1.05) (layer F.CrtYd) (width 0.05))
    (pad 1 smd rect (at -2 0 90) (size 2 1.6) (layers F.Cu F.Paste F.Mask)
      (net 1 "Net-(C1-Pad1)"))
    (pad 2 smd rect (at 2 0 90) (size 2 1.6) (layers F.Cu F.Paste F.Mask)
      (net 2 GND))
    (model Capacitors_SMD.3dshapes/C_1206.wrl
      (at (xyz 0 0 0))
      (scale (xyz 1 1 1))
      (rotate (xyz 0 0 0))
    )
  )

  (module Capacitors_SMD:C_1206_HandSoldering (layer F.Cu) (tedit 59FCD2F8) (tstamp 5919EDEF)
    (at 84.328 86.36 90)
    (descr "Capacitor SMD 1206, hand soldering")
    (tags "capacitor 1206")
    (path /5916729D)
    (attr smd)
    (fp_text reference C2 (at 3.302 2.286 180) (layer F.SilkS)
      (effects (font (size 1 1) (thickness 0.15)))
    )
    (fp_text value 100nF (at 0 2 90) (layer F.Fab)
      (effects (font (size 1 1) (thickness 0.15)))
    )
    (fp_text user %R (at 0 -1.75 90) (layer F.Fab)
      (effects (font (size 1 1) (thickness 0.15)))
    )
    (fp_line (start -1.6 0.8) (end -1.6 -0.8) (layer F.Fab) (width 0.1))
    (fp_line (start 1.6 0.8) (end -1.6 0.8) (layer F.Fab) (width 0.1))
    (fp_line (start 1.6 -0.8) (end 1.6 0.8) (layer F.Fab) (width 0.1))
    (fp_line (start -1.6 -0.8) (end 1.6 -0.8) (layer F.Fab) (width 0.1))
    (fp_line (start 1 -1.02) (end -1 -1.02) (layer F.SilkS) (width 0.12))
    (fp_line (start -1 1.02) (end 1 1.02) (layer F.SilkS) (width 0.12))
    (fp_line (start -3.25 -1.05) (end 3.25 -1.05) (layer F.CrtYd) (width 0.05))
    (fp_line (start -3.25 -1.05) (end -3.25 1.05) (layer F.CrtYd) (width 0.05))
    (fp_line (start 3.25 1.05) (end 3.25 -1.05) (layer F.CrtYd) (width 0.05))
    (fp_line (start 3.25 1.05) (end -3.25 1.05) (layer F.CrtYd) (width 0.05))
    (pad 1 smd rect (at -2 0 90) (size 2 1.6) (layers F.Cu F.Paste F.Mask)
      (net 3 "Net-(C2-Pad1)"))
    (pad 2 smd rect (at 2 0 90) (size 2 1.6) (layers F.Cu F.Paste F.Mask)
      (net 2 GND))
    (model Capacitors_SMD.3dshapes/C_1206.wrl
      (at (xyz 0 0 0))
      (scale (xyz 1 1 1))
      (rotate (xyz 0 0 0))
    )
  )

  (module Capacitors_SMD:C_1206_HandSoldering (layer B.Cu) (tedit 59FE2E97) (tstamp 5919EDF5)
    (at 125.73 106.68 180)
    (descr "Capacitor SMD 1206, hand soldering")
    (tags "capacitor 1206")
    (path /58C35DAB)
    (attr smd)
    (fp_text reference C3 (at 4.064 0 450) (layer B.SilkS)
      (effects (font (size 1 1) (thickness 0.15)) (justify mirror))
    )
    (fp_text value 100nF (at 0 -2 180) (layer B.Fab)
      (effects (font (size 1 1) (thickness 0.15)) (justify mirror))
    )
    (fp_text user %R (at 0 1.75 180) (layer B.Fab)
      (effects (font (size 1 1) (thickness 0.15)) (justify mirror))
    )
    (fp_line (start -1.6 -0.8) (end -1.6 0.8) (layer B.Fab) (width 0.1))
    (fp_line (start 1.6 -0.8) (end -1.6 -0.8) (layer B.Fab) (width 0.1))
    (fp_line (start 1.6 0.8) (end 1.6 -0.8) (layer B.Fab) (width 0.1))
    (fp_line (start -1.6 0.8) (end 1.6 0.8) (layer B.Fab) (width 0.1))
    (fp_line (start 1 1.02) (end -1 1.02) (layer B.SilkS) (width 0.12))
    (fp_line (start -1 -1.02) (end 1 -1.02) (layer B.SilkS) (width 0.12))
    (fp_line (start -3.25 1.05) (end 3.25 1.05) (layer B.CrtYd) (width 0.05))
    (fp_line (start -3.25 1.05) (end -3.25 -1.05) (layer B.CrtYd) (width 0.05))
    (fp_line (start 3.25 -1.05) (end 3.25 1.05) (layer B.CrtYd) (width 0.05))
    (fp_line (start 3.25 -1.05) (end -3.25 -1.05) (layer B.CrtYd) (width 0.05))
    (pad 1 smd rect (at -2 0 180) (size 2 1.6) (layers B.Cu B.Paste B.Mask)
      (net 47 +5V))
    (pad 2 smd rect (at 2 0 180) (size 2 1.6) (layers B.Cu B.Paste B.Mask)
      (net 2 GND))
    (model Capacitors_SMD.3dshapes/C_1206.wrl
      (at (xyz 0 0 0))
      (scale (xyz 1 1 1))
      (rotate (xyz 0 0 0))
    )
  )

  (module Capacitors_SMD:C_1206_HandSoldering (layer F.Cu) (tedit 591A2BF6) (tstamp 5919EDFB)
    (at 133.604 103.632 270)
    (descr "Capacitor SMD 1206, hand soldering")
    (tags "capacitor 1206")
    (path /59FCBE49)
    (attr smd)
    (fp_text reference C4 (at -2.184 2.008 270) (layer F.SilkS)
      (effects (font (size 1 1) (thickness 0.15)))
    )
    (fp_text value 100nF (at 0 2 270) (layer F.Fab)
      (effects (font (size 1 1) (thickness 0.15)))
    )
    (fp_text user %R (at 0 -1.75 270) (layer F.Fab)
      (effects (font (size 1 1) (thickness 0.15)))
    )
    (fp_line (start -1.6 0.8) (end -1.6 -0.8) (layer F.Fab) (width 0.1))
    (fp_line (start 1.6 0.8) (end -1.6 0.8) (layer F.Fab) (width 0.1))
    (fp_line (start 1.6 -0.8) (end 1.6 0.8) (layer F.Fab) (width 0.1))
    (fp_line (start -1.6 -0.8) (end 1.6 -0.8) (layer F.Fab) (width 0.1))
    (fp_line (start 1 -1.02) (end -1 -1.02) (layer F.SilkS) (width 0.12))
    (fp_line (start -1 1.02) (end 1 1.02) (layer F.SilkS) (width 0.12))
    (fp_line (start -3.25 -1.05) (end 3.25 -1.05) (layer F.CrtYd) (width 0.05))
    (fp_line (start -3.25 -1.05) (end -3.25 1.05) (layer F.CrtYd) (width 0.05))
    (fp_line (start 3.25 1.05) (end 3.25 -1.05) (layer F.CrtYd) (width 0.05))
    (fp_line (start 3.25 1.05) (end -3.25 1.05) (layer F.CrtYd) (width 0.05))
    (pad 1 smd rect (at -2 0 270) (size 2 1.6) (layers F.Cu F.Paste F.Mask)
      (net 67 /5VPWR))
    (pad 2 smd rect (at 2 0 270) (size 2 1.6) (layers F.Cu F.Paste F.Mask)
      (net 2 GND))
    (model Capacitors_SMD.3dshapes/C_1206.wrl
      (at (xyz 0 0 0))
      (scale (xyz 1 1 1))
      (rotate (xyz 0 0 0))
    )
  )

  (module Capacitors_SMD:C_1206_HandSoldering (layer B.Cu) (tedit 59FE2EF1) (tstamp 5919EE13)
    (at 91.694 74.168)
    (descr "Capacitor SMD 1206, hand soldering")
    (tags "capacitor 1206")
    (path /59167273)
    (attr smd)
    (fp_text reference C8 (at -4.1148 -0.0508 90) (layer B.SilkS)
      (effects (font (size 1 1) (thickness 0.15)) (justify mirror))
    )
    (fp_text value 1uF (at 0 -2) (layer B.Fab)
      (effects (font (size 1 1) (thickness 0.15)) (justify mirror))
    )
    (fp_text user %R (at 0 1.75) (layer B.Fab)
      (effects (font (size 1 1) (thickness 0.15)) (justify mirror))
    )
    (fp_line (start -1.6 -0.8) (end -1.6 0.8) (layer B.Fab) (width 0.1))
    (fp_line (start 1.6 -0.8) (end -1.6 -0.8) (layer B.Fab) (width 0.1))
    (fp_line (start 1.6 0.8) (end 1.6 -0.8) (layer B.Fab) (width 0.1))
    (fp_line (start -1.6 0.8) (end 1.6 0.8) (layer B.Fab) (width 0.1))
    (fp_line (start 1 1.02) (end -1 1.02) (layer B.SilkS) (width 0.12))
    (fp_line (start -1 -1.02) (end 1 -1.02) (layer B.SilkS) (width 0.12))
    (fp_line (start -3.25 1.05) (end 3.25 1.05) (layer B.CrtYd) (width 0.05))
    (fp_line (start -3.25 1.05) (end -3.25 -1.05) (layer B.CrtYd) (width 0.05))
    (fp_line (start 3.25 -1.05) (end 3.25 1.05) (layer B.CrtYd) (width 0.05))
    (fp_line (start 3.25 -1.05) (end -3.25 -1.05) (layer B.CrtYd) (width 0.05))
    (pad 1 smd rect (at -2 0) (size 2 1.6) (layers B.Cu B.Paste B.Mask)
      (net 43 "Net-(C8-Pad1)"))
    (pad 2 smd rect (at 2 0) (size 2 1.6) (layers B.Cu B.Paste B.Mask)
      (net 2 GND))
    (model Capacitors_SMD.3dshapes/C_1206.wrl
      (at (xyz 0 0 0))
      (scale (xyz 1 1 1))
      (rotate (xyz 0 0 0))
    )
  )

  (module Capacitors_SMD:C_1206_HandSoldering (layer B.Cu) (tedit 591A2BD5) (tstamp 5919EE19)
    (at 97.536 109.982)
    (descr "Capacitor SMD 1206, hand soldering")
    (tags "capacitor 1206")
    (path /57FDEF26)
    (attr smd)
    (fp_text reference C9 (at -4.236 0.214 270) (layer B.SilkS)
      (effects (font (size 1 1) (thickness 0.15)) (justify mirror))
    )
    (fp_text value 100nF (at 0 -2) (layer B.Fab)
      (effects (font (size 1 1) (thickness 0.15)) (justify mirror))
    )
    (fp_text user %R (at 0 1.75) (layer B.Fab)
      (effects (font (size 1 1) (thickness 0.15)) (justify mirror))
    )
    (fp_line (start -1.6 -0.8) (end -1.6 0.8) (layer B.Fab) (width 0.1))
    (fp_line (start 1.6 -0.8) (end -1.6 -0.8) (layer B.Fab) (width 0.1))
    (fp_line (start 1.6 0.8) (end 1.6 -0.8) (layer B.Fab) (width 0.1))
    (fp_line (start -1.6 0.8) (end 1.6 0.8) (layer B.Fab) (width 0.1))
    (fp_line (start 1 1.02) (end -1 1.02) (layer B.SilkS) (width 0.12))
    (fp_line (start -1 -1.02) (end 1 -1.02) (layer B.SilkS) (width 0.12))
    (fp_line (start -3.25 1.05) (end 3.25 1.05) (layer B.CrtYd) (width 0.05))
    (fp_line (start -3.25 1.05) (end -3.25 -1.05) (layer B.CrtYd) (width 0.05))
    (fp_line (start 3.25 -1.05) (end 3.25 1.05) (layer B.CrtYd) (width 0.05))
    (fp_line (start 3.25 -1.05) (end -3.25 -1.05) (layer B.CrtYd) (width 0.05))
    (pad 1 smd rect (at -2 0) (size 2 1.6) (layers B.Cu B.Paste B.Mask)
      (net 4 +3V3))
    (pad 2 smd rect (at 2 0) (size 2 1.6) (layers B.Cu B.Paste B.Mask)
      (net 2 GND))
    (model Capacitors_SMD.3dshapes/C_1206.wrl
      (at (xyz 0 0 0))
      (scale (xyz 1 1 1))
      (rotate (xyz 0 0 0))
    )
  )

  (module Capacitors_SMD:C_1206_HandSoldering (layer F.Cu) (tedit 59FCD32F) (tstamp 5919EE1F)
    (at 118.872 86.36 90)
    (descr "Capacitor SMD 1206, hand soldering")
    (tags "capacitor 1206")
    (path /57FE18E9)
    (attr smd)
    (fp_text reference C10 (at 3.302 -2.54 180) (layer F.SilkS)
      (effects (font (size 1 1) (thickness 0.15)))
    )
    (fp_text value 100nF (at 0 2 90) (layer F.Fab)
      (effects (font (size 1 1) (thickness 0.15)))
    )
    (fp_text user %R (at 0 -1.75 90) (layer F.Fab)
      (effects (font (size 1 1) (thickness 0.15)))
    )
    (fp_line (start -1.6 0.8) (end -1.6 -0.8) (layer F.Fab) (width 0.1))
    (fp_line (start 1.6 0.8) (end -1.6 0.8) (layer F.Fab) (width 0.1))
    (fp_line (start 1.6 -0.8) (end 1.6 0.8) (layer F.Fab) (width 0.1))
    (fp_line (start -1.6 -0.8) (end 1.6 -0.8) (layer F.Fab) (width 0.1))
    (fp_line (start 1 -1.02) (end -1 -1.02) (layer F.SilkS) (width 0.12))
    (fp_line (start -1 1.02) (end 1 1.02) (layer F.SilkS) (width 0.12))
    (fp_line (start -3.25 -1.05) (end 3.25 -1.05) (layer F.CrtYd) (width 0.05))
    (fp_line (start -3.25 -1.05) (end -3.25 1.05) (layer F.CrtYd) (width 0.05))
    (fp_line (start 3.25 1.05) (end 3.25 -1.05) (layer F.CrtYd) (width 0.05))
    (fp_line (start 3.25 1.05) (end -3.25 1.05) (layer F.CrtYd) (width 0.05))
    (pad 1 smd rect (at -2 0 90) (size 2 1.6) (layers F.Cu F.Paste F.Mask)
      (net 5 "Net-(C10-Pad1)"))
    (pad 2 smd rect (at 2 0 90) (size 2 1.6) (layers F.Cu F.Paste F.Mask)
      (net 2 GND))
    (model Capacitors_SMD.3dshapes/C_1206.wrl
      (at (xyz 0 0 0))
      (scale (xyz 1 1 1))
      (rotate (xyz 0 0 0))
    )
  )

  (module Capacitors_SMD:C_1206_HandSoldering (layer F.Cu) (tedit 59FCD30A) (tstamp 5919EE25)
    (at 104.14 86.36 90)
    (descr "Capacitor SMD 1206, hand soldering")
    (tags "capacitor 1206")
    (path /57FE1952)
    (attr smd)
    (fp_text reference C11 (at 3.556 2.54 180) (layer F.SilkS)
      (effects (font (size 1 1) (thickness 0.15)))
    )
    (fp_text value 100nF (at 0 2 90) (layer F.Fab)
      (effects (font (size 1 1) (thickness 0.15)))
    )
    (fp_text user %R (at 0 -1.75 90) (layer F.Fab)
      (effects (font (size 1 1) (thickness 0.15)))
    )
    (fp_line (start -1.6 0.8) (end -1.6 -0.8) (layer F.Fab) (width 0.1))
    (fp_line (start 1.6 0.8) (end -1.6 0.8) (layer F.Fab) (width 0.1))
    (fp_line (start 1.6 -0.8) (end 1.6 0.8) (layer F.Fab) (width 0.1))
    (fp_line (start -1.6 -0.8) (end 1.6 -0.8) (layer F.Fab) (width 0.1))
    (fp_line (start 1 -1.02) (end -1 -1.02) (layer F.SilkS) (width 0.12))
    (fp_line (start -1 1.02) (end 1 1.02) (layer F.SilkS) (width 0.12))
    (fp_line (start -3.25 -1.05) (end 3.25 -1.05) (layer F.CrtYd) (width 0.05))
    (fp_line (start -3.25 -1.05) (end -3.25 1.05) (layer F.CrtYd) (width 0.05))
    (fp_line (start 3.25 1.05) (end 3.25 -1.05) (layer F.CrtYd) (width 0.05))
    (fp_line (start 3.25 1.05) (end -3.25 1.05) (layer F.CrtYd) (width 0.05))
    (pad 1 smd rect (at -2 0 90) (size 2 1.6) (layers F.Cu F.Paste F.Mask)
      (net 6 "Net-(C11-Pad1)"))
    (pad 2 smd rect (at 2 0 90) (size 2 1.6) (layers F.Cu F.Paste F.Mask)
      (net 2 GND))
    (model Capacitors_SMD.3dshapes/C_1206.wrl
      (at (xyz 0 0 0))
      (scale (xyz 1 1 1))
      (rotate (xyz 0 0 0))
    )
  )

  (module Capacitors_SMD:C_1206_HandSoldering (layer F.Cu) (tedit 58AA84D1) (tstamp 5919EE2B)
    (at 132.842 77.724 270)
    (descr "Capacitor SMD 1206, hand soldering")
    (tags "capacitor 1206")
    (path /58C31BA4)
    (attr smd)
    (fp_text reference C12 (at 0 -1.75 270) (layer F.SilkS)
      (effects (font (size 1 1) (thickness 0.15)))
    )
    (fp_text value 100nF (at 0 2 270) (layer F.Fab)
      (effects (font (size 1 1) (thickness 0.15)))
    )
    (fp_text user %R (at 0 -1.75 270) (layer F.Fab)
      (effects (font (size 1 1) (thickness 0.15)))
    )
    (fp_line (start -1.6 0.8) (end -1.6 -0.8) (layer F.Fab) (width 0.1))
    (fp_line (start 1.6 0.8) (end -1.6 0.8) (layer F.Fab) (width 0.1))
    (fp_line (start 1.6 -0.8) (end 1.6 0.8) (layer F.Fab) (width 0.1))
    (fp_line (start -1.6 -0.8) (end 1.6 -0.8) (layer F.Fab) (width 0.1))
    (fp_line (start 1 -1.02) (end -1 -1.02) (layer F.SilkS) (width 0.12))
    (fp_line (start -1 1.02) (end 1 1.02) (layer F.SilkS) (width 0.12))
    (fp_line (start -3.25 -1.05) (end 3.25 -1.05) (layer F.CrtYd) (width 0.05))
    (fp_line (start -3.25 -1.05) (end -3.25 1.05) (layer F.CrtYd) (width 0.05))
    (fp_line (start 3.25 1.05) (end 3.25 -1.05) (layer F.CrtYd) (width 0.05))
    (fp_line (start 3.25 1.05) (end -3.25 1.05) (layer F.CrtYd) (width 0.05))
    (pad 1 smd rect (at -2 0 270) (size 2 1.6) (layers F.Cu F.Paste F.Mask)
      (net 7 +24V))
    (pad 2 smd rect (at 2 0 270) (size 2 1.6) (layers F.Cu F.Paste F.Mask)
      (net 2 GND))
    (model Capacitors_SMD.3dshapes/C_1206.wrl
      (at (xyz 0 0 0))
      (scale (xyz 1 1 1))
      (rotate (xyz 0 0 0))
    )
  )

  (module Capacitors_ThroughHole:CP_Radial_D7.5mm_P2.50mm (layer F.Cu) (tedit 591A2C14) (tstamp 5919EE31)
    (at 125.73 77.724)
    (descr "CP, Radial series, Radial, pin pitch=2.50mm, , diameter=7.5mm, Electrolytic Capacitor")
    (tags "CP Radial series Radial pin pitch 2.50mm  diameter 7.5mm Electrolytic Capacitor")
    (path /57FDEF39)
    (fp_text reference C13 (at -2.486 3.88 90) (layer F.SilkS)
      (effects (font (size 1 1) (thickness 0.15)))
    )
    (fp_text value "10uF 50VDC" (at 1.25 4.81) (layer F.Fab)
      (effects (font (size 1 1) (thickness 0.15)))
    )
    (fp_circle (center 1.25 0) (end 5 0) (layer F.Fab) (width 0.1))
    (fp_circle (center 1.25 0) (end 5.09 0) (layer F.SilkS) (width 0.12))
    (fp_line (start -2.2 0) (end -1 0) (layer F.Fab) (width 0.1))
    (fp_line (start -1.6 -0.65) (end -1.6 0.65) (layer F.Fab) (width 0.1))
    (fp_line (start 1.25 -3.8) (end 1.25 3.8) (layer F.SilkS) (width 0.12))
    (fp_line (start 1.29 -3.8) (end 1.29 3.8) (layer F.SilkS) (width 0.12))
    (fp_line (start 1.33 -3.8) (end 1.33 3.8) (layer F.SilkS) (width 0.12))
    (fp_line (start 1.37 -3.799) (end 1.37 3.799) (layer F.SilkS) (width 0.12))
    (fp_line (start 1.41 -3.797) (end 1.41 3.797) (layer F.SilkS) (width 0.12))
    (fp_line (start 1.45 -3.795) (end 1.45 3.795) (layer F.SilkS) (width 0.12))
    (fp_line (start 1.49 -3.793) (end 1.49 3.793) (layer F.SilkS) (width 0.12))
    (fp_line (start 1.53 -3.79) (end 1.53 -0.98) (layer F.SilkS) (width 0.12))
    (fp_line (start 1.53 0.98) (end 1.53 3.79) (layer F.SilkS) (width 0.12))
    (fp_line (start 1.57 -3.787) (end 1.57 -0.98) (layer F.SilkS) (width 0.12))
    (fp_line (start 1.57 0.98) (end 1.57 3.787) (layer F.SilkS) (width 0.12))
    (fp_line (start 1.61 -3.784) (end 1.61 -0.98) (layer F.SilkS) (width 0.12))
    (fp_line (start 1.61 0.98) (end 1.61 3.784) (layer F.SilkS) (width 0.12))
    (fp_line (start 1.65 -3.78) (end 1.65 -0.98) (layer F.SilkS) (width 0.12))
    (fp_line (start 1.65 0.98) (end 1.65 3.78) (layer F.SilkS) (width 0.12))
    (fp_line (start 1.69 -3.775) (end 1.69 -0.98) (layer F.SilkS) (width 0.12))
    (fp_line (start 1.69 0.98) (end 1.69 3.775) (layer F.SilkS) (width 0.12))
    (fp_line (start 1.73 -3.77) (end 1.73 -0.98) (layer F.SilkS) (width 0.12))
    (fp_line (start 1.73 0.98) (end 1.73 3.77) (layer F.SilkS) (width 0.12))
    (fp_line (start 1.77 -3.765) (end 1.77 -0.98) (layer F.SilkS) (width 0.12))
    (fp_line (start 1.77 0.98) (end 1.77 3.765) (layer F.SilkS) (width 0.12))
    (fp_line (start 1.81 -3.759) (end 1.81 -0.98) (layer F.SilkS) (width 0.12))
    (fp_line (start 1.81 0.98) (end 1.81 3.759) (layer F.SilkS) (width 0.12))
    (fp_line (start 1.85 -3.753) (end 1.85 -0.98) (layer F.SilkS) (width 0.12))
    (fp_line (start 1.85 0.98) (end 1.85 3.753) (layer F.SilkS) (width 0.12))
    (fp_line (start 1.89 -3.747) (end 1.89 -0.98) (layer F.SilkS) (width 0.12))
    (fp_line (start 1.89 0.98) (end 1.89 3.747) (layer F.SilkS) (width 0.12))
    (fp_line (start 1.93 -3.74) (end 1.93 -0.98) (layer F.SilkS) (width 0.12))
    (fp_line (start 1.93 0.98) (end 1.93 3.74) (layer F.SilkS) (width 0.12))
    (fp_line (start 1.971 -3.732) (end 1.971 -0.98) (layer F.SilkS) (width 0.12))
    (fp_line (start 1.971 0.98) (end 1.971 3.732) (layer F.SilkS) (width 0.12))
    (fp_line (start 2.011 -3.725) (end 2.011 -0.98) (layer F.SilkS) (width 0.12))
    (fp_line (start 2.011 0.98) (end 2.011 3.725) (layer F.SilkS) (width 0.12))
    (fp_line (start 2.051 -3.716) (end 2.051 -0.98) (layer F.SilkS) (width 0.12))
    (fp_line (start 2.051 0.98) (end 2.051 3.716) (layer F.SilkS) (width 0.12))
    (fp_line (start 2.091 -3.707) (end 2.091 -0.98) (layer F.SilkS) (width 0.12))
    (fp_line (start 2.091 0.98) (end 2.091 3.707) (layer F.SilkS) (width 0.12))
    (fp_line (start 2.131 -3.698) (end 2.131 -0.98) (layer F.SilkS) (width 0.12))
    (fp_line (start 2.131 0.98) (end 2.131 3.698) (layer F.SilkS) (width 0.12))
    (fp_line (start 2.171 -3.689) (end 2.171 -0.98) (layer F.SilkS) (width 0.12))
    (fp_line (start 2.171 0.98) (end 2.171 3.689) (layer F.SilkS) (width 0.12))
    (fp_line (start 2.211 -3.679) (end 2.211 -0.98) (layer F.SilkS) (width 0.12))
    (fp_line (start 2.211 0.98) (end 2.211 3.679) (layer F.SilkS) (width 0.12))
    (fp_line (start 2.251 -3.668) (end 2.251 -0.98) (layer F.SilkS) (width 0.12))
    (fp_line (start 2.251 0.98) (end 2.251 3.668) (layer F.SilkS) (width 0.12))
    (fp_line (start 2.291 -3.657) (end 2.291 -0.98) (layer F.SilkS) (width 0.12))
    (fp_line (start 2.291 0.98) (end 2.291 3.657) (layer F.SilkS) (width 0.12))
    (fp_line (start 2.331 -3.645) (end 2.331 -0.98) (layer F.SilkS) (width 0.12))
    (fp_line (start 2.331 0.98) (end 2.331 3.645) (layer F.SilkS) (width 0.12))
    (fp_line (start 2.371 -3.634) (end 2.371 -0.98) (layer F.SilkS) (width 0.12))
    (fp_line (start 2.371 0.98) (end 2.371 3.634) (layer F.SilkS) (width 0.12))
    (fp_line (start 2.411 -3.621) (end 2.411 -0.98) (layer F.SilkS) (width 0.12))
    (fp_line (start 2.411 0.98) (end 2.411 3.621) (layer F.SilkS) (width 0.12))
    (fp_line (start 2.451 -3.608) (end 2.451 -0.98) (layer F.SilkS) (width 0.12))
    (fp_line (start 2.451 0.98) (end 2.451 3.608) (layer F.SilkS) (width 0.12))
    (fp_line (start 2.491 -3.595) (end 2.491 -0.98) (layer F.SilkS) (width 0.12))
    (fp_line (start 2.491 0.98) (end 2.491 3.595) (layer F.SilkS) (width 0.12))
    (fp_line (start 2.531 -3.581) (end 2.531 -0.98) (layer F.SilkS) (width 0.12))
    (fp_line (start 2.531 0.98) (end 2.531 3.581) (layer F.SilkS) (width 0.12))
    (fp_line (start 2.571 -3.566) (end 2.571 -0.98) (layer F.SilkS) (width 0.12))
    (fp_line (start 2.571 0.98) (end 2.571 3.566) (layer F.SilkS) (width 0.12))
    (fp_line (start 2.611 -3.552) (end 2.611 -0.98) (layer F.SilkS) (width 0.12))
    (fp_line (start 2.611 0.98) (end 2.611 3.552) (layer F.SilkS) (width 0.12))
    (fp_line (start 2.651 -3.536) (end 2.651 -0.98) (layer F.SilkS) (width 0.12))
    (fp_line (start 2.651 0.98) (end 2.651 3.536) (layer F.SilkS) (width 0.12))
    (fp_line (start 2.691 -3.52) (end 2.691 -0.98) (layer F.SilkS) (width 0.12))
    (fp_line (start 2.691 0.98) (end 2.691 3.52) (layer F.SilkS) (width 0.12))
